    48     1     2   913   960    47
    50     1     2     3     4    51
    50     1    48    95    96    49
   913     2     3   916   915   914
   916     3     4     5     6   917
    51     4     5    54    53    52
    54     5     6     7     8    55
   917     6     7   920   919   918
   920     7     8     9    10   921
     8  1006     9
    55     8     9    58    57    56
    58     9    10    11    12    59
   921    10    11   924   923   922
   924    11    12    13    14   925
    59    12    13    62    61    60
    62    13    14    15    16    63
   925    14    15   928   927   926
   928    15    16    17    18   929
    16  1026    17
    63    16    17    66    65    64
    66    17    18    19    20    67
   929    18    19   932   931   930
   932    19    20    21    22   933
    67    20    21    70    69    68
    70    21    22    23    24    71
   933    22    23   936   935   934
   936    23    24    25    26   937
    24   999    25
    71    24    25    74    73    72
    74    25    26    27    28    75
   937    26    27   940   939   938
   940    27    28    29    30   941
    75    28    29    78    77    76
    78    29    30    31    32    79
   941    30    31   944   943   942
   944    31    32    33    34   945
    79    32    33    82    81    80
    33  1024    34
    82    33    34    35    36    83
   945    34    35   948   947   946
   948    35    36    37    38   949
    83    36    37    86    85    84
    86    37    38    39    40    87
   949    38    39   952   951   950
   952    39    40    41    42   953
    87    40    41    90    89    88
    90    41    42    43    44    91
   953    42    43   956   955   954
   956    43    44    45    46   957
    91    44    45    94    93    92
    94    45    46    47    48    95
   957    46    47   960   959   958
    98    49    50    51    52    99
    98    49    96   143   144    97
    99    52    53   102   101   100
   102   103   104   151   150   101
   106    57    58    59    60   107
   107    60    61   110   109   108
   110    61    62    63    64   111
   111    64    65   114   113   112
   114    65    66    67    68   115
   115    68    69   118   117   116
   118    69    70    71    72   119
   119    72    73   122   121   120
   122    73    74    75    76   123
    75   977    76
   123    76    77   126   125   124
   126    77    78    79    80   127
   127    80    81   130   129   128
   130    81    82    83    84   131
   131    84    85   134   133   132
   134    85    86    87    88   135
    88   995    89
   135    88    89   138   137   136
   138    89    90    91    92   139
    92  1046   139
   139    92    93   142   141   140
   142    93    94    95    96   143
   146    97    98    99   100   147
   146    97   144   191   192   145
   147   100   101   150   149   148
   151   104   105   154   153   152
   154   105   106   107   108   155
   155   108   109   158   157   156
   158   109   110   111   112   159
   159   112   113   162   161   160
   162   113   114   115   116   163
   116  1039   117
   163   116   117   166   165   164
   166   117   118   119   120   167
   120  1009   121
   167   120   121   170   169   168
   170   121   122   123   124   171
   171   124   125   174   173   172
   125  1007   174
   174   125   126   127   128   175
   128  1004   129
   175   128   129   178   177   176
   178   129   130   131   132   179
   179   132   133   182   181   180
   182   133   134   135   136   183
   183   136   137   186   185   184
   186   137   138   139   140   187
   187   140   141   190   189   188
   141   998   142
   190   141   142   143   144   191
   194   145   146   147   148   195
   194   145   192   239   240   193
   148  1001   149
   195   148   149   198   197   196
   198   149   150   151   152   199
   199   152   153   202   201   200
   202   153   154   155   156   203
   203   156   157   206   205   204
   206   157   158   159   160   207
   207   160   161   210   209   208
   210   161   162   163   164   211
   211   164   165   214   213   212
   214   165   166   167   168   215
   215   168   169   218   217   216
   218   169   170   171   172   219
   218   991   219
   219   172   173   222   221   220
   222   173   174   175   176   223
   223   176   177   226   225   224
   226   177   178   179   180   227
   227   180   181   230   229   228
   230   181   182   183   184   231
   182  1002   183
   231   184   185   234   233   232
   234   185   186   187   188   235
   235   188   189   238   237   236
   189  1028   238
   238   189   190   191   192   239
   242   193   194   195   196   243
  1053   193   194
   242   193   240   287   288   241
   243   196   197   246   245   244
   246   197   198   199   200   247
   247   200   201   250   249   248
   250   201   202   203   204   251
   251   204   205   254   253   252
   254   205   206   207   208   255
   207  1047   208
   255   208   209   258   257   256
   258   209   210   211   212   259
   259   212   213   262   261   260
   262   213   214   215   216   263
   263   216   217   266   265   264
   266   217   218   219   220   267
   267   220   221   270   269   268
   270   221   222   223   224   271
   271   224   225   274   273   272
   274   225   226   227   228   275
   275   228   229   278   277   276
   278   229   230   231   232   279
   279   232   233   282   281   280
   282   233   234   235   236   283
   283   236   237   286   285   284
   286   237   238   239   240   287
   242   970   241
   290   241   242   243   244   291
   290   241   288   335   336   289
   291   244   245   294   293   292
   294   245   246   247   248   295
   248   962   249
   295   248   249   298   297   296
   298   249   250   251   252   299
   299   252   253   302   301   300
   302   253   254   255   256   303
   303   256   257   306   305   304
   306   257   258   259   260   307   982
   261   963   310   311   264   263   262
   261   260   307   308   309   310   963
   311   264   265   314   313   312
   314   265   266   267   268   315
   315   268   269   318   317   316
   318   269   270   271   272   319
   319   272   273   322   321   320
   273  1018   274
   322   273   274   275   276   323
   323   276   277   326   325   324
   326   277   278   279   280   327
   327   280   281   330   329   328
   330   281   282   283   284   331
   331   284   285   334   333   332
   334   285   286   287   288   335
   338   289   290   291   292   339
   338   289   336   383   384   337
   339   292   293   342   341   340
   342   293   294   295   296   343
   343   296   297   346   345   344
   346   297   298   299   300   347
   347   300   301   350   349   348
   301  1055   302
   350   301   302   303   304   351
   351   304   305   354   353   352
   306   305   354   355   308   307   982
   355   308   309   358   357   356
   358   309   310   311   312   359
   359   312   313   362   361   360
   362   313   314   315   316   363
   363   316   317   366   365   364
   366   317   318   319   320   367
   367   320   321   370   369   368
   370   321   322   323   324   371
   371   324   325   374   373   372
   374   325   326   327   328   375
   375   328   329   378   377   376
   378   329   330   331   332   379
   332  1010   379
   379   332   333   382   381   380
   382   333   334   335   336   383
   386   337   338   339   340   387
   386   337   384   431   432   385
   439  1037   392
   341   340   387   388   389   964   390
   390   341   342   343   344   391
   344  1023   345
   391   344   345   394   393   392
   394   345   346   347   348   395
   395   348   349   398   397   396
   398   349   350   351   352   399
   352  1021   353
   399   352   353   402   401   400
   402   353   354   355   356   403
   403   356   357   406   405   404
   406   357   358   359   360   407
   407   360   361   410   409   408
   361  1014   362
   410   361   362   363   364   411
   411   364   365   414   413   412
   414   365   366   367   368   415
   366  1044   367
   369   418   419   372   371   370
   416   417   466   465   464   463
   419   372   373   422   421   420
   422   373   374   375   376   423
   375  1041   376
   423   376   377   426   425   424
   426   377   378   379   380   427
   427   380   381   430   429   428
   430   381   382   383   384   431
   434   385   386   387   388   435
   434   385   432   479   480   433
   435   388   389   438   437   436
   392   391   390   964   389   438   439
   439   392   393   442   441   440
   442   393   394   395   396   443
   443   396   397   446   445   444
   446   397   398   399   400   447
   447   400   401   450   449   448
   450   401   402   403   404   451
   451   404   405   454   453   452
   405  1036   406
   454   455   456   503   502   453
   458   409   410   411   412   459
   459   412   413   462   461   460
   462   413   414   415   416   463
   467   420   421   470   469   468
   470   421   422   423   424   471
   471   424   425   474   473   472
   474   425   426   427   428   475
   475   428   429   478   477   476
   478   429   430   431   432   479
   482   433   434   435   436   483
   482   433   480   527   528   481
   483   436   437   486   485   484
   486   437   438   439   440   487
   487   440   441   490   489   488
   490   441   442   443   444   491
   491   444   445   494   493   492
   494   445   446   447   448   495
   495   448   449   498   497   496
   498   449   450   451   452   499
   499   452   453   502   501   500
   503   456   457   506   505   504
   506   457   458   459   460   507
   461  1045   510   511   464   463   462
   461   460   507   508   509   510  1045
   511   464   465   514   513   512
   514   465   466   467   468   515
   515   468   469   518   517   516
   518   469   470   471   472   519
   519   472   473   522   521   520
   522   473   474   475   476   523
   523   476   477   526   525   524
   477  1027   526
   526   477   478   479   480   527
   530   481   482   483   484   531
   530   481   528   575   576   529
   482   996   483
   531   484   485   534   533   532
   534   485   486   487   488   535
   535   488   489   538   537   536
   538   489   490   491   492   539
   492  1054   493
   539   492   493   542   541   540
   542   493   494   495   496   543
   495  1013   496
   543   496   497   546   545   544
   546   497   498   499   500   547
   547   500   501   550   549   548
   550   501   502   503   504   551
   504  1019   505
   551   504   505   554   553   552
   554   505   506   507   508   555
   507  1043   508
   555   508   509   558   557   556
   558   509   510   511   512   559
   512  1030   559
   559   512   513   562   561   560
   562   513   514   515   516   563
   514  1003   515
   563   516   517   566   565   564
   566   517   518   519   520   567
   520  1032   567
   567   520   521   570   569   568
   570   521   522   523   524   571
   524   989   571
   571   524   525   574   573   572
   574   525   526   527   528   575
   578   529   530   531   532   579
   578   529   576   623   624   577
   579   532   533   582   581   580
   582   533   534   535   536   583
   583   536   537   586   585   584
   537   992   538
   586   537   538   539   540   587
   587   540   541   590   589   588
   590   541   542   543   544   591
   591   544   545   594   593   592
   594   545   546   547   548   595
   595   548   549   598   597   596
   598   549   550   551   552   599
   599   552   553   602   601   600
   602   553   554   555   556   603
   603   556   557   606   605   604
   606   557   558   559   560   607
   607   560   561   610   609   608
   561  1056   562
   610   561   562   563   564   611
   611   564   565   614   613   612
   614   565   566   567   568   615
   615   568   569   618   617   616
   618   569   570   571   572   619
   619   572   573   622   621   620
   622   573   574   575   576   623
   626   577   578   579   580   627
   626   577   624   671   672   625
   627   580   581   630   629   628
   630   581   582   583   584   631
   631   584   585  1031   634   633   632
  1031   585   586   587   588   635   634
   635   588   589   638   637   636
   638   589   590   591   592   639
   639   592   593   642   641   640
   642   593   594   595   596   643
   643   596   597   646   645   644
   646   597   598   599   600  1022   647
   650  1052   649   698   699   652   651
   650   601   602   603   604   651
   603  1051   604
   651   604   605   654   653   652
   654   605   606   607   608   655
   655   608   609   658   657   656
   658   609   610   611   612   659
   659   612   613   662   661   660
   662   613   614   615   616   663
   614   997   615
   663   616   617   666   665   664
   666   617   618   619   620   667
   667   620   621   670   669   668
   670   621   622   623   624   671
   674   625   626   627   628   675
   674   625   672   719   720   673
   627  1012   628
   675   628   629   678   677   676
   678   629   630   631   632   679
   631   979   632
   679   632   633   682   681   680
   682   633   634   635   636   683
   683   636   637   686   685   684
   686   637   638   639   640   687
   687   640   641   690   689   688
   690   641   642   643   644   691
   642  1025   643
   691   644   645   694   693   692
   694   645   646   647   648   695
   695   648   649   698   697   696
   699   652   653   702   701   700
   702   653   654   655   656   703
   655   990   656
   703   656   657   706   705   704
   706   657   658   659   660   707
   707   660   661   710   709   708
   710   661   662   663   664   711
   711   664   665   714   713   712
   714   665   666   667   668   715
   715   668   669   718   717   716
   718   669   670   671   672   719
   722   673   674   675   676   723
   722   673   720   767   768   721
   723   676   677   726   725   724
   726   677   678   679   680   727
   727   680   681   730   729   728
   681  1017   730
   730   681   682   683   684   731
   731   684   685   734   733   732
   685   993   686
   734   685   686   687   688   735
   735   688   689   738   987   737   736
   738   689   690   691   692   739
   739   692   693   742   741   740
   742   693   694   695   696   743
   743   696   697   746   745   744
   746   697   698   699   700   747
   699   961   700
   747   700   701   750   749   748
   750   701   702   703   704   751
   751   704   705   754   753   752
   754   705   706   707   708   755
   755   708   709   758   757   756
   758   709   710   711   712   759
   711  1015   712
   759   712   713   762   761   760
   762   713   714   715   716   763
   763   716   717   766   765   764
   717  1000   766
   766   717   718   719   720   767
   770   721   722   723   724   771
   770   721   768   815   816   769
   722  1042   723
   771   724   725   774   773   772
   725  1048   774
   774   725   726   727   728   775
   775   728   729   778   777  1038   776
   778   729   730   731   732   779
   779   732   733   782   781   780
   782   733   734   735   736   783
   783   736   737   786   785   784
   987   737   786   787  1029   740   739   738
  1029   740   741   790   789   788   787
   790   741   742   743   744   791
   791   744   745   794   793   792
   794   745   746   747   748   795
   795   748   749   798   797   796
   798   749   750   751   752   799
   799   752   753   802   801   800
   802   753   754   755   756   803
   803   756   757   806   805   804
   806   757   758   759   760   807
   807   760   761   810   809   808
   810   761   762   763   764   811
   811   764   765   814   813   812
   814   765   766   767   768   815
   818   769   770   771   772   819
   818   769   816   863   864   817
   819   772   773   822   821   820
   822   773   774   775   776   823
  1038   776   823   824   825   826   777
   826  1020   827   828   875   874   825
   830  1050   829   878   879   832   831
   830   781   782   783   784   831
   831   784   785   834   833   832
   834   785   786   787   788   835
   835   788   789   838   837   836
   838   789   790   791   792   839
   839   792   793   842   841   840
   842   793   794   795   796   843
   794  1011   795
   843   796   797   846   845   844
   846   797   798   799   800   847
   847   800   801   850   849   848
   850   801   802   803   804   851
   851   804   805   854   853   852
   854   805   806   807   808   855
   855   808   809   858   857   856
   858   809   810   811   812   859
   861   862   863   864   911   910
   866   817   818   819   820   867
   866   817   864   911   912   865
   867   820   821   870   869   868
   870   821   822   823   824   871
   871   824   825   874   873   872
   875   828   829   878   877   876
   879   832   833   882   881   880
   882   833   834   835   836   883
   883   836   837   886   885   884
   886   837   838   839   840   887
   887   840   841   890   889   888
   890   841   842   843   844   891
   891   844   845   894   893   892
   894   845   846   847   848   895
   847  1035   848
   895   848   849   898   897   896
   898   849   850   851   852   899
   899   852   853   902   901   900
   902   853   854   855   856   903
   855  1033   856
   903   856   857   906   905   904
   906   857   858   859   860   907
   907   860   861   910   909   908
   914   865   866   867   868   915
   914   865   912   959   960   913
   915   868   869   918   917   916
   918   869   870   871   872   919
   919   872   873   922   921   920
   922   873   874   875   876   923
   923   876   877   926   925   924
   926   877   878   879   880   927
   927   880   881   930   929   928
   930   881   882   883   884   931
   931   884   885   934   933   932
   934   885   886   887   888   935
   935   888   889   938   937   936
   938   889   890   891   892   939
   939   892   893   942   941   940
   942   893   894   895   896   943
   943   896   897   946   945   944
   946   897   898   899   900   947
   947   900   901   950   949   948
   950   901   902   903   904   951
   951   904   905   954   953   952
   954   905   906   907   908   955
   955   908   909   958   957   956
   958   909   910   911   912   959
   912  1005   959
   917   994   918
    54    53   102   103   104   105   106    57    56    55
   368   369   418   419   420   467   466   417   416   415
   438   389   964   390   391   392  1037   439
   405   406   407   408   409   458   457   456   455   454
   600   601   650  1052   649   648   647  1022
   778   777   826  1020   827   828   829  1050   830   781   780   779
   813   814   815   816   863   862   861   860   859   812
    48     1     2   913   960    47
    50     1     2     3     4    51
    50     1    48    95    96    49
   913     2     3   916   915   914
   916     3     4     5     6   917
    51     4     5    54    53    52
    54     5     6     7     8    55
   917     6     7   920   919   918
   920     7     8     9    10   921
     8  1006     9
    55     8     9    58    57    56
    58     9    10    11    12    59
   921    10    11   924   923   922
   924    11    12    13    14   925
    59    12    13    62    61    60
    62    13    14    15    16    63
   925    14    15   928   927   926
   928    15    16    17    18   929
    16  1026    17
    63    16    17    66    65    64
    66    17    18    19    20    67
   929    18    19   932   931   930
   932    19    20    21    22   933
    67    20    21    70    69    68
    70    21    22    23    24    71
   933    22    23   936   935   934
   936    23    24    25    26   937
    24   999    25
    71    24    25    74    73    72
    74    25    26    27    28    75
   937    26    27   940   939   938
   940    27    28    29    30   941
    75    28    29    78    77    76
    78    29    30    31    32    79
   941    30    31   944   943   942
   944    31    32    33    34   945
    79    32    33    82    81    80
    33  1024    34
    82    33    34    35    36    83
   945    34    35   948   947   946
   948    35    36    37    38   949
    83    36    37    86    85    84
    86    37    38    39    40    87
   949    38    39   952   951   950
   952    39    40    41    42   953
    87    40    41    90    89    88
    90    41    42    43    44    91
   953    42    43   956   955   954
   956    43    44    45    46   957
    91    44    45    94    93    92
    94    45    46    47    48    95
   957    46    47   960   959   958
    98    49    50    51    52    99
    98    49    96   143   144    97
    99    52    53   102   101   100
   102   103   104   151   150   101
   106    57    58    59    60   107
   107    60    61   110   109   108
   110    61    62    63    64   111
   111    64    65   114   113   112
   114    65    66    67    68   115
   115    68    69   118   117   116
   118    69    70    71    72   119
   119    72    73   122   121   120
   122    73    74    75    76   123
    75   977    76
   123    76    77   126   125   124
   126    77    78    79    80   127
   127    80    81   130   129   128
   130    81    82    83    84   131
   131    84    85   134   133   132
   134    85    86    87    88   135
    88   995    89
   135    88    89   138   137   136
   138    89    90    91    92   139
    92  1046   139
   139    92    93   142   141   140
   142    93    94    95    96   143
   146    97    98    99   100   147
   146    97   144   191   192   145
   147   100   101   150   149   148
   151   104   105   154   153   152
   154   105   106   107   108   155
   155   108   109   158   157   156
   158   109   110   111   112   159
   159   112   113   162   161   160
   162   113   114   115   116   163
   116  1039   117
   163   116   117   166   165   164
   166   117   118   119   120   167
   120  1009   121
   167   120   121   170   169   168
   170   121   122   123   124   171
   171   124   125   174   173   172
   125  1007   174
   174   125   126   127   128   175
   128  1004   129
   175   128   129   178   177   176
   178   129   130   131   132   179
   179   132   133   182   181   180
   182   133   134   135   136   183
   183   136   137   186   185   184
   186   137   138   139   140   187
   187   140   141   190   189   188
   141   998   142
   190   141   142   143   144   191
   194   145   146   147   148   195
   194   145   192   239   240   193
   148  1001   149
   195   148   149   198   197   196
   198   149   150   151   152   199
   199   152   153   202   201   200
   202   153   154   155   156   203
   203   156   157   206   205   204
   206   157   158   159   160   207
   207   160   161   210   209   208
   210   161   162   163   164   211
   211   164   165   214   213   212
   214   165   166   167   168   215
   215   168   169   218   217   216
   218   169   170   171   172   219
   218   991   219
   219   172   173   222   221   220
   222   173   174   175   176   223
   223   176   177   226   225   224
   226   177   178   179   180   227
   227   180   181   230   229   228
   230   181   182   183   184   231
   182  1002   183
   231   184   185   234   233   232
   234   185   186   187   188   235
   235   188   189   238   237   236
   189  1028   238
   238   189   190   191   192   239
   242   193   194   195   196   243
  1053   193   194
   242   193   240   287   288   241
   243   196   197   246   245   244
   246   197   198   199   200   247
   247   200   201   250   249   248
   250   201   202   203   204   251
   251   204   205   254   253   252
   254   205   206   207   208   255
   207  1047   208
   255   208   209   258   257   256
   258   209   210   211   212   259
   259   212   213   262   261   260
   262   213   214   215   216   263
   263   216   217   266   265   264
   266   217   218   219   220   267
   267   220   221   270   269   268
   270   221   222   223   224   271
   271   224   225   274   273   272
   274   225   226   227   228   275
   275   228   229   278   277   276
   278   229   230   231   232   279
   279   232   233   282   281   280
   282   233   234   235   236   283
   283   236   237   286   285   284
   286   237   238   239   240   287
   242   970   241
   290   241   242   243   244   291
   290   241   288   335   336   289
   291   244   245   294   293   292
   294   245   246   247   248   295
   248   962   249
   295   248   249   298   297   296
   298   249   250   251   252   299
   299   252   253   302   301   300
   302   253   254   255   256   303
   303   256   257   306   305   304
   306   257   258   259   260   307   982
   261   963   310   311   264   263   262
   261   260   307   308   309   310   963
   311   264   265   314   313   312
   314   265   266   267   268   315
   315   268   269   318   317   316
   318   269   270   271   272   319
   319   272   273   322   321   320
   273  1018   274
   322   273   274   275   276   323
   323   276   277   326   325   324
   326   277   278   279   280   327
   327   280   281   330   329   328
   330   281   282   283   284   331
   331   284   285   334   333   332
   334   285   286   287   288   335
   338   289   290   291   292   339
   338   289   336   383   384   337
   339   292   293   342   341   340
   342   293   294   295   296   343
   343   296   297   346   345   344
   346   297   298   299   300   347
   347   300   301   350   349   348
   301  1055   302
   350   301   302   303   304   351
   351   304   305   354   353   352
   306   305   354   355   308   307   982
   355   308   309   358   357   356
   358   309   310   311   312   359
   359   312   313   362   361   360
   362   313   314   315   316   363
   363   316   317   366   365   364
   366   317   318   319   320   367
   367   320   321   370   369   368
   370   321   322   323   324   371
   371   324   325   374   373   372
   374   325   326   327   328   375
   375   328   329   378   377   376
   378   329   330   331   332   379
   332  1010   379
   379   332   333   382   381   380
   382   333   334   335   336   383
   386   337   338   339   340   387
   386   337   384   431   432   385
   439  1037   392
   341   340   387   388   389   964   390
   390   341   342   343   344   391
   344  1023   345
   391   344   345   394   393   392
   394   345   346   347   348   395
   395   348   349   398   397   396
   398   349   350   351   352   399
   352  1021   353
   399   352   353   402   401   400
   402   353   354   355   356   403
   403   356   357   406   405   404
   406   357   358   359   360   407
   407   360   361   410   409   408
   361  1014   362
   410   361   362   363   364   411
   411   364   365   414   413   412
   414   365   366   367   368   415
   366  1044   367
   369   418   419   372   371   370
   416   417   466   465   464   463
   419   372   373   422   421   420
   422   373   374   375   376   423
   375  1041   376
   423   376   377   426   425   424
   426   377   378   379   380   427
   427   380   381   430   429   428
   430   381   382   383   384   431
   434   385   386   387   388   435
   434   385   432   479   480   433
   435   388   389   438   437   436
   392   391   390   964   389   438   439
   439   392   393   442   441   440
   442   393   394   395   396   443
   443   396   397   446   445   444
   446   397   398   399   400   447
   447   400   401   450   449   448
   450   401   402   403   404   451
   451   404   405   454   453   452
   405  1036   406
   454   455   456   503   502   453
   458   409   410   411   412   459
   459   412   413   462   461   460
   462   413   414   415   416   463
   467   420   421   470   469   468
   470   421   422   423   424   471
   471   424   425   474   473   472
   474   425   426   427   428   475
   475   428   429   478   477   476
   478   429   430   431   432   479
   482   433   434   435   436   483
   482   433   480   527   528   481
   483   436   437   486   485   484
   486   437   438   439   440   487
   487   440   441   490   489   488
   490   441   442   443   444   491
   491   444   445   494   493   492
   494   445   446   447   448   495
   495   448   449   498   497   496
   498   449   450   451   452   499
   499   452   453   502   501   500
   503   456   457   506   505   504
   506   457   458   459   460   507
   461  1045   510   511   464   463   462
   461   460   507   508   509   510  1045
   511   464   465   514   513   512
   514   465   466   467   468   515
   515   468   469   518   517   516
   518   469   470   471   472   519
   519   472   473   522   521   520
   522   473   474   475   476   523
   523   476   477   526   525   524
   477  1027   526
   526   477   478   479   480   527
   530   481   482   483   484   531
   530   481   528   575   576   529
   482   996   483
   531   484   485   534   533   532
   534   485   486   487   488   535
   535   488   489   538   537   536
   538   489   490   491   492   539
   492  1054   493
   539   492   493   542   541   540
   542   493   494   495   496   543
   495  1013   496
   543   496   497   546   545   544
   546   497   498   499   500   547
   547   500   501   550   549   548
   550   501   502   503   504   551
   504  1019   505
   551   504   505   554   553   552
   554   505   506   507   508   555
   507  1043   508
   555   508   509   558   557   556
   558   509   510   511   512   559
   512  1030   559
   559   512   513   562   561   560
   562   513   514   515   516   563
   514  1003   515
   563   516   517   566   565   564
   566   517   518   519   520   567
   520  1032   567
   567   520   521   570   569   568
   570   521   522   523   524   571
   524   989   571
   571   524   525   574   573   572
   574   525   526   527   528   575
   578   529   530   531   532   579
   578   529   576   623   624   577
   579   532   533   582   581   580
   582   533   534   535   536   583
   583   536   537   586   585   584
   537   992   538
   586   537   538   539   540   587
   587   540   541   590   589   588
   590   541   542   543   544   591
   591   544   545   594   593   592
   594   545   546   547   548   595
   595   548   549   598   597   596
   598   549   550   551   552   599
   599   552   553   602   601   600
   602   553   554   555   556   603
   603   556   557   606   605   604
   606   557   558   559   560   607
   607   560   561   610   609   608
   561  1056   562
   610   561   562   563   564   611
   611   564   565   614   613   612
   614   565   566   567   568   615
   615   568   569   618   617   616
   618   569   570   571   572   619
   619   572   573   622   621   620
   622   573   574   575   576   623
   626   577   578   579   580   627
   626   577   624   671   672   625
   627   580   581   630   629   628
   630   581   582   583   584   631
   631   584   585  1031   634   633   632
  1031   585   586   587   588   635   634
   635   588   589   638   637   636
   638   589   590   591   592   639
   639   592   593   642   641   640
   642   593   594   595   596   643
   643   596   597   646   645   644
   646   597   598   599   600  1022   647
   650  1052   649   698   699   652   651
   650   601   602   603   604   651
   603  1051   604
   651   604   605   654   653   652
   654   605   606   607   608   655
   655   608   609   658   657   656
   658   609   610   611   612   659
   659   612   613   662   661   660
   662   613   614   615   616   663
   614   997   615
   663   616   617   666   665   664
   666   617   618   619   620   667
   667   620   621   670   669   668
   670   621   622   623   624   671
   674   625   626   627   628   675
   674   625   672   719   720   673
   627  1012   628
   675   628   629   678   677   676
   678   629   630   631   632   679
   631   979   632
   679   632   633   682   681   680
   682   633   634   635   636   683
   683   636   637   686   685   684
   686   637   638   639   640   687
   687   640   641   690   689   688
   690   641   642   643   644   691
   642  1025   643
   691   644   645   694   693   692
   694   645   646   647   648   695
   695   648   649   698   697   696
   699   652   653   702   701   700
   702   653   654   655   656   703
   655   990   656
   703   656   657   706   705   704
   706   657   658   659   660   707
   707   660   661   710   709   708
   710   661   662   663   664   711
   711   664   665   714   713   712
   714   665   666   667   668   715
   715   668   669   718   717   716
   718   669   670   671   672   719
   722   673   674   675   676   723
   722   673   720   767   768   721
   723   676   677   726   725   724
   726   677   678   679   680   727
   727   680   681   730   729   728
   681  1017   730
   730   681   682   683   684   731
   731   684   685   734   733   732
   685   993   686
   734   685   686   687   688   735
   735   688   689   738   987   737   736
   738   689   690   691   692   739
   739   692   693   742   741   740
   742   693   694   695   696   743
   743   696   697   746   745   744
   746   697   698   699   700   747
   699   961   700
   747   700   701   750   749   748
   750   701   702   703   704   751
   751   704   705   754   753   752
   754   705   706   707   708   755
   755   708   709   758   757   756
   758   709   710   711   712   759
   711  1015   712
   759   712   713   762   761   760
   762   713   714   715   716   763
   763   716   717   766   765   764
   717  1000   766
   766   717   718   719   720   767
   770   721   722   723   724   771
   770   721   768   815   816   769
   722  1042   723
   771   724   725   774   773   772
   725  1048   774
   774   725   726   727   728   775
   775   728   729   778   777  1038   776
   778   729   730   731   732   779
   779   732   733   782   781   780
   782   733   734   735   736   783
   783   736   737   786   785   784
   987   737   786   787  1029   740   739   738
  1029   740   741   790   789   788   787
   790   741   742   743   744   791
   791   744   745   794   793   792
   794   745   746   747   748   795
   795   748   749   798   797   796
   798   749   750   751   752   799
   799   752   753   802   801   800
   802   753   754   755   756   803
   803   756   757   806   805   804
   806   757   758   759   760   807
   807   760   761   810   809   808
   810   761   762   763   764   811
   811   764   765   814   813   812
   814   765   766   767   768   815
   818   769   770   771   772   819
   818   769   816   863   864   817
   819   772   773   822   821   820
   822   773   774   775   776   823
  1038   776   823   824   825   826   777
   826  1020   827   828   875   874   825
   830  1050   829   878   879   832   831
   830   781   782   783   784   831
   831   784   785   834   833   832
   834   785   786   787   788   835
   835   788   789   838   837   836
   838   789   790   791   792   839
   839   792   793   842   841   840
   842   793   794   795   796   843
   794  1011   795
   843   796   797   846   845   844
   846   797   798   799   800   847
   847   800   801   850   849   848
   850   801   802   803   804   851
   851   804   805   854   853   852
   854   805   806   807   808   855
   855   808   809   858   857   856
   858   809   810   811   812   859
   861   862   863   864   911   910
   866   817   818   819   820   867
   866   817   864   911   912   865
   867   820   821   870   869   868
   870   821   822   823   824   871
   871   824   825   874   873   872
   875   828   829   878   877   876
   879   832   833   882   881   880
   882   833   834   835   836   883
   883   836   837   886   885   884
   886   837   838   839   840   887
   887   840   841   890   889   888
   890   841   842   843   844   891
   891   844   845   894   893   892
   894   845   846   847   848   895
   847  1035   848
   895   848   849   898   897   896
   898   849   850   851   852   899
   899   852   853   902   901   900
   902   853   854   855   856   903
   855  1033   856
   903   856   857   906   905   904
   906   857   858   859   860   907
   907   860   861   910   909   908
   914   865   866   867   868   915
   914   865   912   959   960   913
   915   868   869   918   917   916
   918   869   870   871   872   919
   919   872   873   922   921   920
   922   873   874   875   876   923
   923   876   877   926   925   924
   926   877   878   879   880   927
   927   880   881   930   929   928
   930   881   882   883   884   931
   931   884   885   934   933   932
   934   885   886   887   888   935
   935   888   889   938   937   936
   938   889   890   891   892   939
   939   892   893   942   941   940
   942   893   894   895   896   943
   943   896   897   946   945   944
   946   897   898   899   900   947
   947   900   901   950   949   948
   950   901   902   903   904   951
   951   904   905   954   953   952
   954   905   906   907   908   955
   955   908   909   958   957   956
   958   909   910   911   912   959
   912  1005   959
   917   994   918
    54    53   102   103   104   105   106    57    56    55
   368   369   418   419   420   467   466   417   416   415
   438   389   964   390   391   392  1037   439
   405   406   407   408   409   458   457   456   455   454
   600   601   650  1052   649   648   647  1022
   778   777   826  1020   827   828   829  1050   830   781   780   779
   813   814   815   816   863   862   861   860   859   812
